#time	0.3-0.4um	0.4-0.5um	0.5-0.6um	0.6-0.7um	0.7-0.8um	0.8-0.9um	0.9-1.0um
0.456165	0.351816	0.263417	0.244205	0.243960	0.264422	0.208634
0.457368	0.351035	0.261353	0.241896	0.239972	0.258986	0.204685
0.464215	0.358067	0.267688	0.247972	0.244859	0.263431	0.209114
0.470971	0.365139	0.274656	0.254387	0.251910	0.270312	0.215326
0.471827	0.367037	0.277292	0.258808	0.257924	0.278090	0.222013
0.468151	0.364422	0.276770	0.259019	0.261016	0.283630	0.226967
0.464986	0.363523	0.279293	0.263936	0.268191	0.292457	0.234153
0.463350	0.362714	0.280519	0.265674	0.272628	0.299187	0.239348
0.464822	0.365251	0.284426	0.270433	0.277368	0.304888	0.244785
0.465779	0.366151	0.284293	0.271631	0.278506	0.305604	0.245905
0.461766	0.363539	0.284113	0.271032	0.277943	0.305240	0.244825
0.450629	0.353800	0.277483	0.267377	0.276557	0.304406	0.243152
0.438501	0.343531	0.271836	0.265970	0.279483	0.311192	0.246122
0.427447	0.333649	0.265447	0.263772	0.280807	0.315563	0.248263
0.422330	0.327556	0.260862	0.260832	0.280117	0.315229	0.247247
0.421048	0.325297	0.258018	0.256213	0.274955	0.308906	0.241676
0.423772	0.326283	0.254513	0.250690	0.266044	0.298156	0.232885
0.428064	0.328917	0.252860	0.244311	0.258185	0.288402	0.223582
0.436381	0.335754	0.255089	0.242021	0.254044	0.283262	0.217290
0.446501	0.344003	0.259319	0.242681	0.254330	0.283564	0.216538
0.454532	0.351252	0.265948	0.247148	0.258677	0.288475	0.220197
0.457791	0.356017	0.271302	0.252537	0.262845	0.292437	0.224778
0.456594	0.356177	0.272032	0.254214	0.261518	0.289560	0.223301
0.451432	0.348946	0.262310	0.244456	0.247464	0.271016	0.210910
0.449567	0.344685	0.256507	0.237498	0.237730	0.258204	0.203925
