#time	0.3-0.4um	0.4-0.5um	0.5-0.6um	0.6-0.7um	0.7-0.8um	0.8-0.9um	0.9-1.0um
0.459958	0.369694	0.284615	0.266420	0.272453	0.297027	0.222869
0.452637	0.362444	0.274481	0.259028	0.259199	0.281760	0.210939
0.455518	0.365747	0.276032	0.258404	0.255784	0.277160	0.208227
0.462808	0.368219	0.279561	0.261383	0.258044	0.276801	0.211096
0.466902	0.373582	0.282958	0.263024	0.261619	0.281327	0.216580
0.467225	0.373575	0.282502	0.263642	0.264213	0.286200	0.224251
0.466073	0.374023	0.285261	0.267896	0.272660	0.296676	0.232944
0.464928	0.373146	0.290600	0.273774	0.282765	0.311967	0.245534
0.463223	0.372020	0.290965	0.274828	0.288547	0.318962	0.250884
0.464931	0.376692	0.295917	0.282343	0.299733	0.331936	0.262739
0.466399	0.378696	0.300513	0.289940	0.305818	0.338229	0.269638
0.454186	0.367769	0.291496	0.282599	0.297813	0.329609	0.262283
0.433539	0.347920	0.276157	0.269108	0.288184	0.320353	0.250526
0.413105	0.328522	0.262213	0.260493	0.282232	0.319272	0.244823
0.402153	0.319675	0.257385	0.259231	0.283754	0.323731	0.242331
0.405531	0.325648	0.265294	0.265658	0.292641	0.334429	0.247191
0.418862	0.337789	0.274073	0.275173	0.297464	0.336951	0.248570
0.429730	0.347628	0.276205	0.271464	0.287221	0.319632	0.238460
0.436028	0.349890	0.272463	0.262173	0.271739	0.300569	0.224172
0.441445	0.352997	0.270309	0.256963	0.267189	0.296953	0.219480
0.451340	0.363959	0.280686	0.264014	0.279601	0.311932	0.231261
0.461025	0.372378	0.289350	0.273486	0.290124	0.325616	0.244130
0.469310	0.380162	0.297224	0.280763	0.294620	0.329486	0.246936
0.471724	0.383792	0.300079	0.283979	0.293251	0.323549	0.243112
0.469365	0.381509	0.295888	0.279449	0.283470	0.311189	0.233386
