#time	0.3-0.4um	0.4-0.5um	0.5-0.6um	0.6-0.7um	0.7-0.8um	0.8-0.9um	0.9-1.0um
0.456165	0.351816	0.263417	0.244205	0.243960	0.264422	0.208634
0.457368	0.351035	0.261353	0.241896	0.239972	0.258986	0.204685
0.464215	0.358067	0.267688	0.247972	0.244859	0.263431	0.209114
0.470971	0.365139	0.274656	0.254387	0.251910	0.270312	0.215326
0.471827	0.367037	0.277292	0.258808	0.257924	0.278090	0.222013
0.468151	0.364422	0.276770	0.259019	0.261016	0.283630	0.226967
0.464986	0.363523	0.279293	0.263936	0.268191	0.292457	0.234153
0.463350	0.362714	0.280519	0.265674	0.272628	0.299187	0.239348
0.464822	0.365251	0.284426	0.270433	0.277368	0.304888	0.244785
0.465779	0.366151	0.284293	0.271631	0.278506	0.305604	0.245905
0.461766	0.363539	0.284113	0.271032	0.277943	0.305240	0.244825
0.450629	0.353800	0.277483	0.267377	0.276557	0.304406	0.243152
0.438501	0.343531	0.271836	0.265970	0.279483	0.311192	0.246122
0.427447	0.333649	0.265447	0.263772	0.280807	0.315563	0.248263
0.422330	0.327556	0.260862	0.260832	0.280117	0.315229	0.247247
0.421048	0.325297	0.258018	0.256213	0.274955	0.308906	0.241676
0.423772	0.326283	0.254513	0.250690	0.266044	0.298156	0.232885
0.428064	0.328917	0.252860	0.244311	0.258185	0.288402	0.223582
0.436381	0.335754	0.255089	0.242021	0.254044	0.283262	0.217290
0.446501	0.344003	0.259319	0.242681	0.254330	0.283564	0.216538
0.454532	0.351252	0.265948	0.247148	0.258677	0.288475	0.220197
0.457791	0.356017	0.271302	0.252537	0.262845	0.292437	0.224778
0.456594	0.356177	0.272032	0.254214	0.261518	0.289560	0.223301
0.451432	0.348946	0.262310	0.244456	0.247464	0.271016	0.210910
0.449567	0.344685	0.256507	0.237498	0.237730	0.258204	0.203925
0.459958	0.369694	0.284615	0.266420	0.272453	0.297027	0.222869
0.452637	0.362444	0.274481	0.259028	0.259199	0.281760	0.210939
0.455518	0.365747	0.276032	0.258404	0.255784	0.277160	0.208227
0.462808	0.368219	0.279561	0.261383	0.258044	0.276801	0.211096
0.466902	0.373582	0.282958	0.263024	0.261619	0.281327	0.216580
0.467225	0.373575	0.282502	0.263642	0.264213	0.286200	0.224251
0.466073	0.374023	0.285261	0.267896	0.272660	0.296676	0.232944
0.464928	0.373146	0.290600	0.273774	0.282765	0.311967	0.245534
0.463223	0.372020	0.290965	0.274828	0.288547	0.318962	0.250884
0.464931	0.376692	0.295917	0.282343	0.299733	0.331936	0.262739
0.466399	0.378696	0.300513	0.289940	0.305818	0.338229	0.269638
0.454186	0.367769	0.291496	0.282599	0.297813	0.329609	0.262283
0.433539	0.347920	0.276157	0.269108	0.288184	0.320353	0.250526
0.413105	0.328522	0.262213	0.260493	0.282232	0.319272	0.244823
0.402153	0.319675	0.257385	0.259231	0.283754	0.323731	0.242331
0.405531	0.325648	0.265294	0.265658	0.292641	0.334429	0.247191
0.418862	0.337789	0.274073	0.275173	0.297464	0.336951	0.248570
0.429730	0.347628	0.276205	0.271464	0.287221	0.319632	0.238460
0.436028	0.349890	0.272463	0.262173	0.271739	0.300569	0.224172
0.441445	0.352997	0.270309	0.256963	0.267189	0.296953	0.219480
0.451340	0.363959	0.280686	0.264014	0.279601	0.311932	0.231261
0.461025	0.372378	0.289350	0.273486	0.290124	0.325616	0.244130
0.469310	0.380162	0.297224	0.280763	0.294620	0.329486	0.246936
0.471724	0.383792	0.300079	0.283979	0.293251	0.323549	0.243112
0.469365	0.381509	0.295888	0.279449	0.283470	0.311189	0.233386
